%YAML:1.0
---
calibration_time: "dom 17 mar 2024 14:23:15"
image_width: 1280
image_height: 720
flags: 0
camera_matrix: !!opencv-matrix
   rows: 3
   cols: 3
   dt: d
   data: [ 1.0098526442003833e+03, 0., 6.5557040839533522e+02, 0.,
       1.0065841955866184e+03, 3.3960467688058378e+02, 0., 0., 1. ]
distortion_coefficients: !!opencv-matrix
   rows: 1
   cols: 5
   dt: d
   data: [ 1.7688899541749847e-01, -1.1516302915229100e+00,
       -3.7077171771476261e-03, 2.3321746527067990e-03,
       2.9446158146633170e+00 ]
avg_reprojection_error: 3.7641900365392694e+01
